m spaceship
p back_wing
v 0 150 0 0 0 1 1 1
v 0 0 0 0 0 1 1 1
v 0 0 50 0 0 1 1 1
v 0 150 0 0 0 1 1 1
v 0 0 50 0 0 1 1 1
v 0 0 0 0 0 1 1 1
p center_bridge
v 0 100 0 0 0 0 1 1
v -100 0 0 0 0 0 1 1
v 0 0 100 0 0 0 0 1
v -100 0 0 0 0 1 0 0
v 0 100 0 0 0 1 0 0
v 100 0 0 0 0 1 0 0
v 100 0 0 0 0 1 1 1
v -100 0 0 0 0 1 1 1
v 0 0 100 0 0 1 1 1
v 100 0 0 0 0 0 1 1
v 0 100 0 0 0 0 1 1
v 0 0 100 0 0 0 0 1
p left_wing
v 0 0 0 0 0 0.415686 0.403922 0.415686
v 0 0 100 0 0 0.415686 0.415686 0.415686
v 200 0 0 0 0 0.415686 0.388235 0.376471
v 0 0 0 0 0 1 1 1
v 200 0 0 0 0 1 1 1
v 0 0 100 0 0 1 1 1
p right_wing
v 0 0 0 0 0 1 1 1
v -200 0 0 0 0 1 1 1
v 0 0 100 0 0 1 1 1
v 0 0 0 0 0 1 1 1
v 0 0 100 0 0 1 1 1
v -200 0 0 0 0 1 1 1
